3890.5369106
4005.5638506
4118.6479106
4231.7319706
4394.7953006
4580.8746106
4766.9539206
4904.0128306
5033.0554206
5170.1143306
5271.1620106
5427.2631206
5526.3315306
5657.3720206
5785.4306006
5913.5255606
6026.6096206
6129.6188106
6266.6777206
6394.7726806
6580.8519906
6667.8840206
6770.8932106
6901.9337006
6988.9657306
7117.0243106
7220.0335006
7319.1019106
7418.1703206
7521.1795106
7618.2322706
7689.2693806
7804.2963206
7951.3647306
8054.3739206
8182.4325006
8310.4910806
8423.5751406
8537.6180706
8668.6585606
8824.7596706
8961.8185806
9060.8869906
9163.8961806
9234.9332906
9391.0344006
9504.1184606
9617.2025206
9773.3036306
9920.3720406
9991.4091506
10154.4724806
10255.5201606
10368.6042206
10481.6882806
10628.7566906
10757.7992806
10872.8262206
11028.9273306
11165.9862406
11267.0339206
11382.0608606
11497.0878006
11568.1249106
11724.2260206
11838.2689506
11951.3530106
12008.3744706
12079.4115806
12192.4956406
12339.5640506
12525.6433606
12672.7117706
12800.7703506
12937.8292606
13066.8718506
13181.8987906
13294.9828506
13396.0305306
13499.0397206
13596.0924806
13710.1354106
13823.2194706
13954.2599606
14051.3127206
14198.3811306
14326.4397106
14441.4666506
14542.5143306
14728.5936406
