19643.1825037
4396.46871683
4493.52147683
4552.56982683
4608.54841683
4639.60185683
4709.59609683
4795.70296683
4872.65942683
4958.76629683
5058.73873683
5059.81397683
5158.88238683
5171.82279683
5284.90685683
5286.94096683
5412.96543683
5443.04207683
5541.02401683
5558.06901683
5687.11160683
5697.12512683
5818.15209683
5826.16771683
5875.17355683
5939.25177683
5962.20558683
6019.22704683
6067.34673683
6116.27980683
6204.40564683
6245.32239683
6358.40645683
6390.48495683
6461.41564683
6503.56901683
6575.45857683
6631.66397683
6704.50116683
6718.69600683
6815.74876683
6835.54165683
6916.79644683
6936.58933683
7037.63701683
7079.85977683
7150.72107683
7150.89688683
7247.94964683
7278.81603683
7334.98167683
7392.00313683
7441.87936683
7493.05081683
7498.90082683
7621.14577683
7684.98013683
7777.24688683
7799.02306683
7900.07074683
7906.28947683
8062.39058683
8086.15005683
8161.45899683
8200.19298683
8276.48593683
8315.21992683
8389.56999683
8429.26285683
8476.60202683
8526.31561683
8639.66535683
8712.39492683
8767.72393683
8825.47898683
8923.82504683
8938.56304683
9086.88837683
9124.64235683
9183.94113683
9195.67946683
9254.97824683
9323.73804683
9356.02592683
9438.76498683
9484.08450683
9551.84904683
9613.12709683
9638.88107683
9753.90801683
9776.19042683
9866.99207683
9889.27448683
10004.3014268
10030.0554068
10091.3334568
10159.0979968
10204.4175168
10287.1565768
10319.4444568
10388.2042568
10447.5030368
10459.2413668
10518.5401468
10556.2941268
10704.6194568
10719.3574568
10817.7035168
10875.4585668
10930.7875768
11003.5171468
11116.8668868
11166.5804768
11213.9196468
11253.6125068
11327.9625768
11366.6965668
11442.9895168
11481.7235068
11557.0324468
11580.7919168
11736.8930268
11743.1117568
11844.1594368
11865.9356168
11958.2023668
12022.0367268
12144.2816768
12150.1316868
12201.3031368
12251.1793668
12308.2008268
12364.3664668
12395.2328568
12492.2856168
12492.4614268
12563.3227268
12605.5454868
12706.5931668
12726.3860568
12807.6408468
12827.4337368
12924.4864968
12938.6813368
13011.5185268
13067.7239268
13139.6134868
13181.7668568
13252.6975468
13284.7760468
13397.8601068
13438.7768568
13526.9026968
13575.8357668
13623.9554568
13680.9769168
13703.9307268
13768.0089468
13817.0147868
13825.0304068
13946.0573768
13956.0708968
14085.1134868
14102.1584868
14200.1404268
14230.2170668
14356.2415368
14358.2756468
14471.3597068
14484.3001168
14583.3685268
14584.4437668
14684.4162068
14770.5230768
14847.4795368
14933.5864068
15003.5806468
15034.6340868
15090.6126768
15149.6610268
15246.7137868
