872
212 204
816 132
528 319
787 97
552 458
476 74
185 650
506 123
319 523
54 112
139 131
287 387
298 57
176 68
50 514
451 481
733 431
196 382
385 242
43 28
135 23
542 811
582 539
467 277
237 305
850 106
35 473
765 107
700 583
89 6
119 625
828 733
207 363
795 585
560 292
166 104
509 521
302 722
177 533
151 54
187 31
1 144
371 404
516 100
163 314
28 34
865 274
262 367
323 389
62 712
35 3
11 242
265 428
624 33
3 2
71 63
321 348
141 641
25 692
51 118
44 232
86 157
205 215
655 405
92 165
605 598
329 730
445 671
455 628
420 178
104 97
600 833
31 820
794 318
78 7
681 494
760 849
5 3
8 11
44 109
159 714
476 756
359 26
434 665
191 432
37 374
5 129
130 107
532 35
140 222
660 207
251 312
434 97
834 7
268 496
79 83
71 134
110 486
553 484
585 460
39 34
810 439
123 44
869 471
138 77
287 27
133 75
338 573
478 569
353 362
265 183
31 424
36 18
745 714
781 424
93 25
160 254
800 332
231 360
770 84
223 535
87 230
613 445
415 607
127 632
108 48
29 395
57 103
49 54
41 647
447 197
31 2
725 352
314 465
32 99
364 60
162 30
326 205
26 529
378 358
208 116
380 646
131 204
92 8
298 346
51 75
141 68
148 37
25 38
48 761
94 105
554 512
93 159
239 293
477 299
433 264
24 798
223 705
863 357
420 689
48 59
538 154
220 698
281 852
177 63
318 540
51 679
738 712
785 265
565 275
198 80
680 540
252 237
39 261
72 9
788 60
459 126
831 773
502 392
456 749
751 24
207 825
134 762
115 65
154 35
243 392
233 26
409 530
462 209
347 509
20 5
374 461
60 18
189 25
403 93
508 577
240 166
451 156
84 153
381 52
152 107
362 843
67 23
27 4
421 326
623 445
851 360
63 460
534 101
35 44
604 516
759 461
113 220
164 159
146 64
237 74
91 79
73 711
753 387
511 284
112 306
425 19
9 183
374 818
857 361
191 118
323 50
296 207
253 300
383 298
648 209
72 147
125 54
94 308
354 52
386 784
651 273
551 10
666 77
224 341
229 7
443 602
380 78
267 442
405 213
107 17
640 4
652 664
31 121
241 232
290 339
661 204
97 120
518 219
594 16
57 68
658 379
741 847
184 839
29 140
542 136
246 222
106 450
205 802
279 225
82 76
595 488
328 215
366 15
9 62
704 207
746 198
771 456
92 102
258 158
310 263
71 490
99 214
683 614
408 369
386 29
832 219
484 272
337 278
320 65
719 246
639 3
99 196
195 872
136 32
119 27
250 48
305 561
509 555
458 258
790 603
135 347
377 487
161 116
12 292
40 155
228 89
40 96
652 743
86 40
490 812
200 16
330 59
11 24
601 750
504 478
589 64
230 245
144 180
112 525
536 391
344 621
88 181
549 452
48 57
558 279
142 29
17 696
19 17
236 126
234 150
93 597
607 804
615 425
270 148
170 838
636 366
162 568
701 99
803 799
58 106
5 26
123 503
546 312
314 322
16 302
31 116
353 169
243 36
266 160
686 521
634 615
455 64
33 9
668 310
7 110
169 456
12 355
644 8
95 25
782 670
37 42
20 629
498 150
10 45
303 620
97 845
49 36
677 621
225 238
128 315
19 32
21 12
142 394
190 557
319 349
363 566
472 292
686 836
61 537
814 424
512 42
130 452
92 202
452 563
90 172
633 164
177 313
377 303
866 668
342 497
121 171
150 669
153 453
571 238
282 280
93 124
8 5
34 815
351 401
290 168
868 84
85 27
344 274
81 46
564 596
511 871
414 145
179 126
114 410
356 309
619 690
353 412
483 251
318 22
351 116
84 21
548 264
373 216
409 149
848 789
500 463
110 430
233 388
768 745
36 231
43 760
5 10
237 285
7 6
121 369
85 174
232 599
634 656
343 233
562 78
249 120
280 13
250 431
131 449
347 608
325 72
335 15
675 640
767 609
687 862
149 124
685 293
17 29
53 7
376 274
446 150
41 197
484 783
764 779
526 325
255 55
17 15
357 493
132 5
15 10
370 363
283 111
527 260
728 472
524 350
24 611
444 91
474 361
344 522
766 165
242 740
160 146
513 720
192 155
621 674
350 117
80 33
117 80
218 587
50 28
317 739
7 52
687 607
822 103
399 286
593 74
350 823
158 46
158 207
184 216
61 612
81 156
397 24
846 310
322 791
796 226
57 267
97 203
670 322
754 294
488 131
186 40
156 468
231 713
586 108
589 590
575 410
299 192
682 275
627 520
736 496
486 618
87 361
400 141
707 322
301 134
125 206
426 505
94 35
88 122
637 291
158 182
741 442
643 427
265 805
426 257
737 747
26 58
808 70
709 481
99 199
645 40
579 527
92 576
267 642
150 630
616 178
524 744
89 213
335 708
120 275
654 541
376 678
644 864
729 293
619 548
166 311
9 7
63 448
347 726
354 436
492 600
165 333
142 652
295 108
208 663
764 441
213 345
61 64
210 44
223 799
324 222
217 47
137 9
329 390
429 807
356 393
855 306
695 238
586 827
173 125
562 564
5 819
277 178
262 87
158 244
248 7
844 287
289 36
592 379
755 333
631 274
506 817
170 272
111 56
12 126
721 463
826 545
623 691
149 264
526 859
531 325
25 5
772 256
74 113
23 329
274 572
252 501
667 121
98 338
481 775
92 438
472 688
735 752
673 180
653 306
65 60
83 127
824 609
776 224
445 517
183 263
131 15
470 144
284 457
331 578
17 98
359 727
37 73
572 606
175 4
224 91
97 55
90 67
610 42
319 57
188 106
340 23
489 443
398 718
40 47
507 231
523 773
840 792
454 407
487 617
732 259
256 402
559 218
655 778
178 154
799 809
861 574
400 735
842 231
8 88
5 13
227 278
65 416
198 413
116 858
163 108
272 327
257 372
26 274
67 169
441 478
67 145
28 37
301 437
166 185
4 1
175 856
13 317
162 581
109 703
584 343
723 341
193 439
88 499
307 251
249 475
491 401
37 40
2 209
786 330
792 177
763 213
10 463
525 684
774 152
134 567
39 221
615 659
13 22
218 580
386 601
61 40
122 485
676 368
415 841
126 789
289 614
316 176
264 545
218 195
74 26
398 262
201 482
65 657
10 769
309 125
156 271
121 167
731 175
407 103
276 117
128 47
398 609
114 3
291 151
227 200
457 777
486 710
168 150
169 190
137 336
277 544
145 469
707 835
260 226
860 602
7 14
562 662
813 419
162 205
717 269
556 436
415 116
225 220
59 574
87 30
337 702
622 22
1 2
68 195
675 797
78 441
464 520
294 227
63 46
419 742
583 556
576 693
28 21
66 70
635 535
302 479
19 79
170 109
71 77
379 240
235 570
515 496
9 281
539 281
806 675
239 10
46 37
303 28
316 837
115 211
65 435
207 251
51 13
724 255
591 71
365 176
286 179
870 799
281 334
268 239
100 44
519 172
6 4
179 269
541 239
132 253
143 550
716 598
219 74
423 418
12 194
829 183
34 55
288 233
428 734
422 198
443 343
184 273
256 135
620 757
201 27
233 626
547 447
342 227
259 98
200 417
697 77
379 411
471 401
69 52
440 95
494 155
492 107
638 410
867 357
