2501.31619393
2629.95039748
2656.03954664
2664.37952393
2793.42211393
2922.46470393
2993.50181393
3101.54501062
3121.59677393
3268.66518393
3356.46920095
3379.54312695
3431.72851393
3468.791301
3546.75545393
3677.79594393
3776.86435393
3796.19092341
3834.63835418
3889.94841393
4003.03247393
4102.10088393
4203.14856393
4350.21697393
4382.45062199
4451.26465393
4552.31233393
4556.74214624
4620.18455477
4672.80734857
4706.7523996
4738.39164393
4851.47570393
4867.43423393
4980.51829393
4982.51619393
5053.55330393
5166.59760393
5184.59379393
5281.62454393
5297.67785393
5332.35654189
5412.70479393
5418.68345393
5438.85406951
5513.75247393
5520.64843035
5532.72638393
5641.81105393
5663.76687393
5686.80984662
5728.84308393
5760.81963393
5779.07311941
5785.86454393
5813.21151871
5817.84109393
5838.47758343
5884.97131284
5941.96565393
5980.90442393
6028.99768393
6069.46470041
6117.96333393
6158.04027393
6232.00626393
6273.06721393
6346.04919393
6436.13054393
6493.11760393
6549.21460393
6607.16053393
6705.31571393
6735.21911393
6792.34774393
6849.36920393
6863.31407393
6966.32326393
6996.43761393
7097.56785742
7129.38659393
7135.54835939
7141.91240416
7150.54726693
7257.48155393
7344.51358393
7530.59289393
7543.41584505
7647.58604024
7661.63338393
7694.01642035
7817.73449393
